611
454
967
420
958
942
552
202
581
179
283
460
508
367
15
127
308
278
148
394
999
769
651
336
602
916
118
213
592
997
718
285
407
299
740
653
962
119
234
223
456
21
277
25
51
480
642
414
557
765
634
122
173
98
943
563
453
52
894
939
573
992
571
599
793
900
918
310
417
546
797
871
443
987
447
795
442
979
692
444
473
330
65
845
915
361
780
526
125
836
932
319
564
34
689
828
37
610
170
302
387
165
209
670
489
998
991
419
744
731
712
441
253
607
4
306
545
960
861
295
561
326
645
231
42
898
524
293
746
466
219
260
461
449
116
604
225
859
335
72
99
479
360
289
392
475
637
935
995
594
313
759
774
799
355
976
291
527
713
141
50
646
628
10
684
680
124
961
919
346
762
755
446
701
275
969
32
126
837
616
427
509
324
224
519
107
965
883
530
721
787
210
69
733
314
710
155
912
909
575
430
362
279
927
729
43
19
885
560
707
538
735
690
947
135
115
513
244
520
139
142
341
462
353
129
971
838
106
785
855
647
440
131
572
876
9
988
184
620
641
644
501
87
114
477
2
541
89
150
814
975
55
970
790
113
288
153
401
736
587
428
371
772
537
374
333
221
242
851
580
665
846
425
137
938
854
505
342
588
317
484
638
487
20
528
606
534
830
897
656
102
986
88
287
233
92
805
159
621
569
211
168
902
77
378
30
782
720
751
497
459
494
821
467
921
818
941
589
972
518
478
363
258
316
679
365
206
548
27
154
605
756
123
863
957
83
46
848
366
75
551
525
455
702
198
591
383
410
458
311
379
833
835
344
33
553
841
699
156
76
482
652
730
950
895
284
658
891
674
181
413
570
426
875
700
492
294
323
437
984
923
78
281
639
789
840
781
512
147
911
872
944
506
760
483
597
724
493
418
398
96
486
806
758
536
531
286
819
220
280
412
951
686
890
903
687
235
743
783
832
3
273
399
636
164
73
236
39
452
416
794
382
303
662
889
865
358
352
375
439
11
982
445
90
104
955
583
325
590
788
966
852
70
940
282
340
320
246
470
161
199
130
54
983
1000
677
796
53
734
655
208
856
189
906
438
109
622
328
598
627
457
237
792
888
194
540
384
688
514
869
946
595
7
945
402
963
896
924
567
578
817
163
267
469
175
761
650
807
577
81
748
18
804
596
956
393
603
917
510
61
14
626
667
868
877
574
893
264
973
134
265
558
704
396
411
373
778
12
318
786
180
672
301
386
166
949
176
481
624
507
784
695
812
555
768
601
315
409
511
929
643
272
423
110
517
157
866
726
17
771
565
312
255
728
24
584
40
842
977
547
913
6
968
268
617
29
562
196
629
57
516
978
920
406
668
385
703
252
823
829
133
247
576
698
56
201
270
873
158
62
229
93
305
500
186
143
867
257
390
831
640
515
160
892
112
880
664
58
403
985
364
682
853
635
495
245
708
388
79
907
763
296
145
994
471
922
779
300
809
566
753
422
136
241
218
433
474
254
996
953
745
354
600
274
230
904
332
556
226
666
436
741
256
450
74
844
151
709
810
337
31
248
490
612
117
773
824
1
609
36
171
44
451
162
169
543
964
68
85
705
86
167
464
5
764
676
533
429
343
579
816
400
290
931
502
802
8
559
111
297
334
292
989
990
389
193
47
623
631
694
714
933
266
798
262
619
434
825
727
67
632
381
847
80
801
465
263
238
535
981
391
424
26
691
128
725
843
187
683
618
448
222
974
936
706
827
103
800
582
625
504
329
770
737
928
791
23
185
41
28
914
776
678
101
681
204
993
432
415
886
615
850
614
405
630
808
532
675
435
16
269
671
539
349
820
586
13
82
472
97
716
732
132
613
304
369
309
884
849
959
197
322
777
463
521
38
71
66
905
723
593
339
380
498
178
542
100
952
397
205
499
608
347
372
140
948
368
307
172
954
887
930
878
585
864
685
351
239
120
693
22
476
858
568
654
261
803
747
212
251
243
757
214
925
874
719
152
359
879
834
216
663
377
870
857
722
49
980
183
839
356
404
350
934
48
331
659
370
717
754
529
767
240
813
190
121
207
249
327
660
232
138
815
738
485
860
276
146
523
862
937
35
421
182
881
338
431
203
752
649
177
63
657
376
926
60
882
348
648
200
105
144
491
345
298
822
739
749
550
395
357
697
108
64
711
554
811
503
522
191
271
217
84
174
742
899
195
95
549
59
750
488
94
188
775
633
91
908
826
715
45
766
544
673
661
227
192
228
215
259
408
696
149
250
910
321
669
496
901
468